>DOJHLOP01EF7XN
31 29 29 31 27 28 31 31 30 25 11 11 11 10 9 8 5 2 29 28 31 28 31 25 19 32 26 20 23 22 25 27 27 13 29 30 30 30 17 25 30 27 31 30 31 26 25 11 30 27 27 19 9 29 23 29 26 26 28 26
31 27 31 32 27 20 29 24 28 8 22 22 13 31 29 29 30 26 28 29 24 31 28 17 21 29 30 31 24 25 19 25 23 22 3 31 31 25 25 22 11 19 24 31 16 31 31 26 25 20 27 28 21 30 29 28 17 22 31 28 29 28 17 32 26 24 31 28 30 0
>DOJHLOP01BGOQU
32 31 21 31 31 27 22 29 24 31 31 31 32 32 31 8 22 22 13 31 29 29 30 26 28 29 24 31 28 17 21 29 30 31 24 26 30 25 31 31 31 32 31 30 32 26 25 10 30 21 30 25 29 23 29 28 17 31 29 31 31 27 21 29 27 21 30 25 31 27 32 23 16 26 20 23 15 31 31 29
32 31 24 26 26 19 24 24 18 2 28 22 31 28 26 29 31 29 28 17 30 27 28 27 14 31 30 26 32 31 27 29 24 31 31 29 32 28 31 32 26 32 28 27 30 32 0
>DOJHLOP02G68JO
27 29 23 32 30 30 32 31 27 32 31 31 27 32 31 27 31 29 26 31 31 27 29 26 29 26 31 27 30 27 31 32 32 32 30 28 32 32 32 27 31 31 27 26 24 31 29 28 16 32 31 32 32 30 27 30 28 24 20 29
28 18 31 30 28 25 30 23 22 31 27 25 25 21 9 32 31 27 31 31 27 30 31 31 27 24 32 29 28 17 31 30 31 27 31 28 32 32 31 29 31 31 31 8 22 22 13 31 29 29 30 26 28 29 24 31 28 17 21 29 30 31 24 25 31 27 28 0
>DOJHLOP02JBJJK
32 29 32 30 26 25 22 11 31 27 30 32 31 27 30 31 30 27 26 12 29 31 31 27 31 32 31 26 30 32 28 31 27 30 27 26 25 11 32 31 27 31 31 27 29 24 32 29 28 18 32 31 31 32 31 32 31 32 30 25
31 27 32 32 32 24 30 25 17 31 31 31 21 31 28 27 28 25 28 25 30 31 27 32 27 29 30 8 22 22 13 31 29 29 30 26 28 29 24 31 28 17 21 29 30 31 24 17 31 30 24 24 22 13 29 32 26 26 18 31 30 22 28 29 28 17 32 0
>DOJHLOP02HHNZD
32 23 29 24 30 25 22 32 31 32 30 25 27 26 19 26 24 30 25 31 30 24 21 26 23 25 31 30 25 25 8 22 22 13 31 29 29 30 26 28 29 24 31 28 17 21 29 30 31 24 31 27 17 32 22 22 20 14 3 25 24 8 31 27 31 27 22 31 29 32 27 19 28 30 32 24 29 26 26 20
27 27 27 25 30 21 27 32 31 24 32 25 25 21 9 28 25 29 21 32 29 13 28 22 26 25 10 18 6 31 31 17 23 22 4 27 32 18 32 29 26 0
|