>DOJHLOP02GK3KF
31 24 24 19 6 29 30 32 31 27 25 25 22 11 31 26 28 32 30 32 31 17 29 28 22 28 32 32 32 32 31 32 31 29 30 28 31 27 31 27 20 29 31 27 23 32 32 27 26 12 30 22 13 25 29 31 31 28 26 27 26 25 10 29 30 27 29 31 32 31 27 32 31 31 27
30 29 28 18 31 31 30 24 31 32 29 26 32 31 29 32 31 27 32 32 31 30 27 30 32 29 25 26 24 27 29 28 17 22 31 27 31 31 29 26 0
>DOJHLOP01CXJ58
32 31 11 11 11 10 9 8 5 2 24 24 30 25 31 31 32 32 31 31 32 24 24 22 12 26 30 31 28 32 31 32 30 25 29 28 18 31 22 22 21 16 7 30 27 31 31 31 28 31 31 28 32 31 27 30 27 29 31 32
31 31 28 31 31 32 30 29 28 25 31 31 31 32 25 24 18 31 31 31 29 27 32 30 27 31 28 32 32 31 24 23 25 25 25 22 11 31 26 28 32 30 32 31 17 29 28 22 31 27 32 31 28 32 24 27 31 28 31 30 27 32 31 0
>DOJHLOP01AXPLV
28 18 28 30 24 31 27 29 28 22 31 29 31 29 26 32 29 31 27 20 32 31 30 31 27 31 30 29 23 22 25 25 22 11 31 26 28 32 30 32 31 17 29 28 22 3 27 30 25 24 9 30 27 20 28 31 27 24 23 7 25 24 16 28 23 31 27 31 31 28 28 23 32 30 22
14 28 30 32 32 26 20 31 31 26 25 22 10 19 9 31 28 25 29 24 31 32 29 31 29 27 30 31 28 32 30 31 30 30 27 25 25 22 11 29 32 28 31 28 31 32 31 30 31 0
>DOJHLOP02FWOKO
31 27 32 31 32 32 29 31 31 25 25 22 12 31 30 29 28 17 32 31 30 32 29 28 17 28 32 31 27 30 27 30 26 32 30 30 26 31 30 31 31 27 32 32 31 29 25 24 22 13 25 25 22 11 31 26 28 32 30 32 31 17 29 28 22 32 28 29 29 32 31 32 32 30 31
31 27 32 28 31 31 30 32 27 17 20 29 28 17 31 26 32 31 30 31 32 31 22 25 32 20 27 28 30 24 32 30 25 31 23 30 30 25 0
>DOJHLOP01CAUIL
29 26 32 31 30 32 31 32 32 32 28 32 31 27 31 30 27 21 31 29 29 27 28 29 31 32 24 28 28 18 26 28 29 31 29 25 31 31 31 31 30 28 31 31 28 31 30 27 30 26 28 31 30 27 28 26 26 23 26 31
28 32 28 25 25 22 11 31 26 28 32 30 32 31 17 29 28 22 22 26 29 28 32 31 24 26 31 25 18 31 28 21 28 28 29 26 26 25 24 9 17 22 28 27 15 32 30 25 0
|