>DOJHLOP01CNMJ2
25 17 27 25 25 24 17 24 24 19 3 32 27 28 30 18 7 19 24 21 13 26 20 18 25 24 16 28 27 15 29 24 26 25 11 23 15 16 30 21 28 32 31 29 31 28 31 32 31 28 26 31 30 26 32 27 25 28 31 27 29 24 29 24 31 32 23 31 28 31 31 28 25 30 27 32 25 25
21 9 28 31 27 31 20 10 16 28 24 17 26 24 25 30 29 31 28 27 15 28 23 24 18 24 23 32 30 25 32 31 28 24 24 18 2 27 24 29 30 17 6 26 20 29 26 22 0
>DOJHLOP01DOA40
30 31 22 24 30 25 31 28 31 24 24 19 3 30 27 30 30 29 23 27 31 27 31 31 31 27 28 28 31 27 32 29 22 26 30 31 30 22 22 24 23 23 28 32 31 29 31 28 31 32 31 28 26 31 30 26 32 27 25 28 29 31 28 28 26 22 22 17 6 28 26 20 31 17 17 29 23 32
28 31 20 26 25 18 31 24 22 14 32 31 28 32 27 31 27 27 25 28 21 12 0
>DOJHLOP02GNZGP
29 23 30 25 31 27 31 30 27 31 27 31 27 27 30 32 32 32 31 32 28 32 31 29 31 28 31 32 31 28 26 31 30 26 32 27 25 28 31 27 25 25 20 7 30 25 28 31 27 30 30 28 27 14 32 32 28 28 16 26 30 24 30 31 27 31 27 31 31 31 29 31 32 31 29 31 28 31
31 27 30 29 25 25 22 12 29 25 27 26 13 32 31 29 23 30 31 28 27 14 30 26 31 27 27 30 29 30 26 28 27 18 32 27 21 30 31 27 31 31 26 31 0
>DOJHLOP01DBA3Z
31 27 21 30 27 25 23 25 25 22 12 27 32 30 25 29 32 21 28 31 27 31 27 23 16 26 24 32 31 27 30 25 30 25 31 29 28 18 31 28 26 31 28 28 28 27 19 31 25 29 28 18 28 29 31 32 32 31 32 25
27 20 29 32 31 29 29 31 31 31 30 25 28 31 28 28 32 31 29 31 28 31 32 31 28 26 31 30 26 32 27 25 28 31 31 31 31 27 31 27 29 31 21 13 29 26 27 29 26 24 30 25 31 27 14 31 26 29 30 23 20 9 31 0
>DOJHLOP02HRXR3
26 20 22 22 20 14 2 24 26 28 22 30 23 31 32 25 29 31 27 21 32 31 27 32 32 27 25 32 32 27 29 31 28 26 30 27 25 32 28 31 26 30 30 31 29 18 31 27 28 27 18 28 32 31 29 31 28 31 32 31 28 26 31 30 26 32 27 25 28 29 17 29 28 17 31 30 26 30
32 29 28 31 26 24 22 31 30 31 31 30 32 29 32 31 26 29 18 5 26 29 28 16 32 32 30 25 29 23 27 16 31 25 25 22 12 26 31 27 31 0
|